$estimate
[1] 2.742852

$se
         [,1]
[1,] 1.689245

$controls
      estimate 1
28041      0.015
28013      0.015
28053      0.015
28111      0.015
28083      0.014
28067      0.014
28143      0.014
28149      0.014
28039      0.014
28017      0.014
28005      0.014
28071      0.014
28153      0.014
28157      0.013
28007      0.013
28119      0.013
28121      0.013
28009      0.013
28089      0.013
28125      0.013
28087      0.013
28055      0.013
28021      0.013
28093      0.013
28059      0.013
28123      0.013
28003      0.013
28161      0.013
28105      0.013
28095      0.013
28109      0.013
28131      0.013
28117      0.013
28103      0.013
28011      0.013
28019      0.013
28133      0.013
28035      0.013
28151      0.013
28049      0.013
28139      0.012
28163      0.012
28073      0.012
28141      0.012
28027      0.012
28113      0.012
28129      0.012
28045      0.012
28137      0.012
28159      0.012
28031      0.012
28081      0.012
28145      0.012
28107      0.012
28063      0.012
28033      0.012
28015      0.012
28047      0.012
28115      0.012
28085      0.012
28097      0.012
28043      0.012
28057      0.011
28135      0.011
28025      0.011
28029      0.011
28079      0.011
28127      0.011
28147      0.011
28065      0.011
28001      0.011
28037      0.010

$periods
     estimate 1
2013      0.611
2010      0.292

$dimensions
          N1           N0 N0.effective           T1           T0 T0.effective 
      74.000       82.000       80.491        6.000        4.000        2.137 

