$estimate
[1] 0.9849063

$se
         [,1]
[1,] 1.403881

$controls
      estimate 1
47077      0.013
47033      0.013
47161      0.013
47075      0.013
47059      0.012
47095      0.012
47085      0.012
47055      0.012
47083      0.012
47091      0.012
47081      0.012
47019      0.012
47039      0.011
47113      0.011
47143      0.011
47121      0.011
47053      0.011
47189      0.011
47021      0.011
47125      0.011
47105      0.011
47069      0.011
47065      0.011
47023      0.011
47185      0.011
47119      0.011
47007      0.011
47139      0.011
47187      0.011
47037      0.011
47005      0.011
47153      0.011
47009      0.011
47173      0.011
47067      0.011
47123      0.011
47011      0.011
47157      0.011
47117      0.011
47137      0.011
47047      0.011
47111      0.011
47057      0.011
47093      0.011
47131      0.011
47025      0.011
47159      0.011
47147      0.011
47035      0.011
47151      0.011
47171      0.010
47073      0.010
47183      0.010
47145      0.010
47099      0.010
47129      0.010
47149      0.010
47165      0.010
47079      0.010
47179      0.010
47101      0.010
47115      0.010
47167      0.010
47049      0.010
47063      0.010
47045      0.010
47169      0.010
47087      0.010
47177      0.010
47089      0.010
47163      0.010
47043      0.010
47031      0.010
47017      0.010
47041      0.010
47003      0.010
47013      0.010
47029      0.010
47109      0.009
47133      0.009
47097      0.009
47001      0.009
47027      0.009
47155      0.009

$periods
     estimate 1
2013      0.683
2010      0.215
2011      0.103

$dimensions
          N1           N0 N0.effective           T1           T0 T0.effective 
     120.000       95.000       94.177        6.000        4.000        1.914 

