$estimate
[1] 0.6821685

$se
          [,1]
[1,] 0.5768385

$controls
      estimate 1
55121      0.015
55063      0.015
55053      0.015
55123      0.014
55097      0.014
55061      0.014
55009      0.014
55005      0.014
55025      0.014
55045      0.014
55017      0.014
55105      0.014
55031      0.014
55075      0.014
55033      0.014
55095      0.014
55049      0.014
55115      0.014
55019      0.014
55029      0.014
55101      0.014
55059      0.014
55129      0.014
55071      0.014
55113      0.014
55131      0.014
55057      0.014
55011      0.014
55111      0.014
55141      0.014
55087      0.014
55093      0.014
55023      0.014
55039      0.014
55065      0.014
55139      0.014
55137      0.014
55133      0.014
55091      0.014
55107      0.014
55117      0.014
55047      0.014
55069      0.014
55055      0.014
55043      0.014
55089      0.014
55079      0.014
55078      0.014
55135      0.014
55027      0.014
55103      0.014
55013      0.014
55003      0.014
55083      0.014
55119      0.014
55035      0.014
55007      0.014
55021      0.014
55099      0.014
55041      0.014
55085      0.014
55067      0.014
55109      0.014
55127      0.013
55073      0.013

$periods
     estimate 1
2013      0.653
2010      0.347

$dimensions
          N1           N0 N0.effective           T1           T0 T0.effective 
     369.000       72.000       71.942        6.000        4.000        1.828 

