$estimate
[1] 1.713497

$se
         [,1]
[1,] 1.215645

$controls
      estimate 1
29133      0.014
29125      0.012
29185      0.012
29143      0.012
29073      0.012
29157      0.011
29067      0.011
29225      0.011
29213      0.011
29091      0.011
29149      0.011
29043      0.011
29097      0.010
29187      0.010
29159      0.010
29077      0.010
29219      0.010
29059      0.010
29165      0.010
29127      0.010
29035      0.010
29099      0.010
29019      0.010
29037      0.010
29189      0.010
29183      0.010
29071      0.010
29063      0.010
29151      0.010
29089      0.010
29195      0.010
29031      0.010
29139      0.010
29061      0.010
29177      0.009
29011      0.009
29001      0.009
29105      0.009
29175      0.009
29113      0.009
29075      0.009
29095      0.009
29041      0.009
29101      0.009
29173      0.009
29123      0.009
29163      0.009
29153      0.009
29107      0.009
29085      0.009
29171      0.009
29021      0.009
29003      0.009
29027      0.009
29081      0.009
29053      0.009
29167      0.009
29023      0.009
29215      0.009
29197      0.009
29049      0.009
29087      0.009
29047      0.009
29201      0.009
29083      0.009
29111      0.009
29227      0.009
29137      0.009
29147      0.009
29029      0.009
29217      0.009
29055      0.009
29199      0.009
29005      0.009
29203      0.009
29079      0.009
29131      0.009
29117      0.008
29179      0.008
29033      0.008
29039      0.008
29103      0.008
29129      0.008
29205      0.008
29115      0.008
29093      0.008
29013      0.008
29025      0.008
29051      0.008
29065      0.008
29057      0.008
29209      0.008
29015      0.008
29223      0.008
29045      0.008
29145      0.008
29007      0.007

$periods
     estimate 1
2013      0.662
2010      0.338

$dimensions
          N1           N0 N0.effective           T1           T0 T0.effective 
     273.000      113.000      109.404        6.000        4.000        1.809 

