$estimate
[1] -1.740138

$se
         [,1]
[1,] 2.609792

$controls
      estimate 1
46031      0.020
46129      0.019
46105      0.018
46123      0.018
46089      0.018
46009      0.017
46135      0.017
46093      0.017
46071      0.017
46091      0.017
46127      0.017
46029      0.016
46033      0.016
46067      0.016
46097      0.016
46037      0.016
46013      0.016
46049      0.016
46047      0.016
46087      0.016
46057      0.016
46027      0.016
46063      0.016
46081      0.016
46099      0.016
46083      0.016
46103      0.016
46039      0.016
46051      0.016
46019      0.016
46017      0.016
46101      0.016
46045      0.016
46025      0.016
46107      0.015
46055      0.015
46109      0.015
46011      0.015
46115      0.015
46125      0.015
46023      0.015
46079      0.015
46061      0.015
46069      0.015
46077      0.015
46005      0.015
46075      0.015
46053      0.015
46041      0.015
46085      0.014
46111      0.014
46007      0.014
46035      0.014
46095      0.014
46065      0.014
46119      0.014
46015      0.014
46059      0.014

$periods
     estimate 1
2013      0.695
2010      0.305

$dimensions
          N1           N0 N0.effective           T1           T0 T0.effective 
      52.000       65.000       64.380        6.000        4.000        1.737 

