$estimate
[1] -5.341559

$se
         [,1]
[1,] 1.576068

$controls
      estimate 1
40059      0.027
40019      0.024
40149      0.023
40153      0.023
40095      0.022
40085      0.021
40097      0.020
40099      0.019
40119      0.019
40069      0.018
40045      0.018
40135      0.018
40017      0.018
40083      0.017
40103      0.017
40039      0.017
40049      0.017
40027      0.016
40129      0.016
40139      0.016
40145      0.016
40125      0.016
40071      0.016
40021      0.015
40043      0.015
40047      0.015
40053      0.015
40151      0.015
40001      0.015
40093      0.014
40025      0.014
40041      0.014
40051      0.014
40143      0.013
40113      0.013
40079      0.013
40109      0.013
40141      0.012
40105      0.012
40073      0.012
40111      0.012
40013      0.012
40035      0.012
40031      0.012
40033      0.012
40011      0.012
40029      0.012
40067      0.011
40075      0.011
40005      0.011
40003      0.011
40131      0.011
40055      0.011
40107      0.010
40117      0.010
40147      0.010
40061      0.010
40091      0.010
40123      0.009
40121      0.009
40009      0.008
40065      0.008

$periods
     estimate 1
2013      0.862
2010      0.138

$dimensions
          N1           N0 N0.effective           T1           T0 T0.effective 
      74.000       77.000       67.517        6.000        4.000        1.311 

