$estimate
[1] -0.8023996

$se
          [,1]
[1,] 0.8789918

$controls
      estimate 1
31029      0.012
31173      0.012
31009      0.012
31021      0.012
31161      0.012
31031      0.012
31139      0.012
31119      0.011
31065      0.011
31175      0.011
31027      0.011
31037      0.011
31075      0.011
31041      0.011
31053      0.011
31003      0.011
31147      0.011
31039      0.011
31059      0.011
31163      0.011
31113      0.011
31099      0.011
31035      0.011
31181      0.011
31049      0.011
31001      0.011
31079      0.011
31177      0.011
31127      0.011
31131      0.011
31055      0.011
31151      0.011
31153      0.011
31047      0.011
31081      0.011
31115      0.011
31019      0.011
31061      0.011
31137      0.011
31017      0.011
31107      0.011
31185      0.011
31123      0.011
31129      0.011
31067      0.011
31063      0.011
31095      0.011
31011      0.011
31111      0.011
31043      0.011
31085      0.011
31097      0.011
31155      0.011
31093      0.011
31169      0.011
31071      0.011
31057      0.011
31101      0.011
31135      0.011
31167      0.011
31109      0.011
31069      0.011
31023      0.011
31033      0.011
31133      0.011
31159      0.011
31013      0.011
31077      0.011
31117      0.011
31179      0.011
31143      0.011
31025      0.011
31073      0.011
31157      0.011
31083      0.011
31121      0.011
31007      0.011
31165      0.011
31051      0.011
31141      0.011
31183      0.011
31105      0.011

$periods
     estimate 1
2013      0.496
2012      0.343
2010      0.161

$dimensions
          N1           N0 N0.effective           T1           T0 T0.effective 
     162.000       91.000       90.875        6.000        4.000        2.567 

