$estimate
[1] -5.66571

$se
         [,1]
[1,] 0.790246

$controls
      estimate 1
20181      0.011
20203      0.011
20171      0.011
20101      0.011
20199      0.011
20093      0.011
20111      0.011
20197      0.010
20167      0.010
20075      0.010
20055      0.010
20063      0.010
20145      0.010
20187      0.010
20067      0.010
20031      0.010
20135      0.010
20129      0.010
20109      0.010
20065      0.010
20165      0.010
20009      0.010
20179      0.010
20023      0.010
20069      0.010
20127      0.010
20025      0.010
20139      0.010
20137      0.010
20131      0.010
20083      0.010
20001      0.010
20195      0.010
20205      0.010
20103      0.010
20027      0.010
20005      0.010
20207      0.010
20051      0.010
20057      0.010
20081      0.010
20163      0.010
20045      0.010
20073      0.010
20071      0.010
20141      0.010
20159      0.010
20107      0.010
20091      0.010
20053      0.010
20017      0.010
20059      0.010
20029      0.010
20133      0.010
20011      0.009
20147      0.009
20003      0.009
20123      0.009
20061      0.009
20125      0.009
20047      0.009
20155      0.009
20049      0.009
20173      0.009
20085      0.009
20161      0.009
20015      0.009
20089      0.009
20079      0.009
20185      0.009
20095      0.009
20097      0.009
20041      0.009
20039      0.009
20183      0.009
20037      0.009
20119      0.009
20169      0.009
20121      0.009
20035      0.009
20099      0.009
20021      0.009
20115      0.009
20191      0.009
20033      0.009
20105      0.009
20013      0.009
20043      0.009
20193      0.009
20177      0.009
20201      0.009
20019      0.009
20143      0.009
20087      0.009

$periods
     estimate 1
2013      0.591
2010      0.336

$dimensions
          N1           N0 N0.effective           T1           T0 T0.effective 
      64.000      105.000      104.451        6.000        4.000        2.139 

